0 90 10 30000 0 53 47 10000 
0 27 
73 
50000 
1 82 18 40000 
1 59 41 50000 
1 24 76 10000 
2 
83 17 30000 
2 47 53 20000 2 23 77 30000 
3 88 12 20000 
3 49 51 50000 
3 27 73 40000 
4 89 11 30000 
4 52 48 20000 
4 30 70 10000 
5 78 22 20000 
5 48 52 40000 
5 10 90 30000 
6 75 25 50000 
6 44 56 50000 
6 27 73 20000 
7 81 19 40000 
7 52 48 50000 
7 10 90 20000 
8 78 22 40000 
8 51 49 50000 
8 17 83 30000 
9 73 27 50000 
9 48 52 20000 
9 29 71 40000 
10 80 20 10000 
10 54 46 30000 
10 25 75 20000 
11 80 20 30000 
11 47 53 40000 
11 30 70 10000 
12 84 16 50000 
12 50 50 10000 
12 22 78 20000 
13 82 18 40000 
13 55 45 40000 
13 28 72 50000 
14 73 27 10000 
14 50 50 20000 
14 18 82 40000 
15 88 12 50000 
15 54 46 40000 
15 24 76 40000 
